  -4.5000000000000000       -6.0010981513581044E-002
  -4.4900000002235174       -6.1015176796425374E-002
  -4.4800000004470348       -6.2096263550471452E-002
  -4.4700000006705523       -6.3257900049400018E-002
  -4.4600000008940697       -6.4504185781182888E-002
  -4.4500000011175871       -6.5839700181927530E-002
  -4.4400000013411045       -6.7269547833851182E-002
  -4.4300000015646219       -6.8799411033920649E-002
  -4.4200000017881393       -7.0435610833614368E-002
  -4.4100000020116568       -7.2185177881634907E-002
  -4.4000000022351742       -7.4055934685914204E-002
  -4.3900000024586916       -7.6056591253113884E-002
  -4.3800000026822090       -7.8196856491920930E-002
  -4.3700000029057264       -8.0487568290012274E-002
  -4.3600000031292439       -8.2940845832261717E-002
  -4.3500000033527613       -8.5570268551472706E-002
  -4.3400000035762787       -8.8391087142505403E-002
  -4.3300000037997961       -9.1420473395342094E-002
  -4.3200000040233135       -9.4677817296891315E-002
  -4.3100000042468309       -9.8185082037045526E-002
  -4.3000000044703484      -0.10196723039560175     
  -4.2900000046938658      -0.10605273971007154     
  -4.2800000049173832      -0.11047422754027410     
  -4.2700000051409006      -0.11526921670497361     
  -4.2600000053644180      -0.12048107719018648     
  -4.2500000055879354      -0.12616019443349860     
  -4.2400000058114529      -0.13236542999197742     
  -4.2300000060349703      -0.13916596356388392     
  -4.2200000062584877      -0.14664363769027011     
  -4.2100000064820051      -0.15489597268311642     
  -4.2000000067055225      -0.16404008634978928     
  -4.1900000069290400      -0.17421785184969749     
  -4.1800000071525574      -0.18560277517444115     
  -4.1700000073760748      -0.19840930032393278     
  -4.1600000075995922      -0.21290560429478747     
  -4.1500000078231096      -0.22943151045920568     
  -4.1400000080466270      -0.24842407952941473     
  -4.1300000082701445      -0.27045501219935769     
  -4.1200000084936619      -0.29628675361302337     
  -4.1100000087171793      -0.32695920083399210     
  -4.1000000089406967      -0.36392843543209707     
  -4.0900000091642141      -0.40929794517784474     
  -4.0800000093877316      -0.46622326284042132     
  -4.0700000096112490      -0.53966343919373916     
  -4.0600000098347664      -0.63788399012243968     
  -4.0500000100582838      -0.77576338139406331     
  -4.0400000102818012      -0.98305924123321375     
  -4.0300000105053186       -1.3292069947232956     
  -4.0200000107288361       -2.0225143643468031     
  -4.0100000109523535       -4.1045222181215362     
  -4.0000000111758709       -3727831.4880134095     
  -3.9900000113993883        4.2300546185934520     
  -3.9800000116229057        2.1481116210258233     
  -3.9700000118464231        1.4549228088139980     
  -3.9600000120699406        1.1089426396544646     
  -3.9500000122934580       0.90186304041261023     
  -3.9400000125169754       0.76424875732588471     
  -3.9300000127404928       0.66634250332423794     
  -3.9200000129640102       0.59326625738644334     
  -3.9100000131875277       0.53675503507984057     
  -3.9000000134110451       0.49185039930549823     
  -3.8900000136345625       0.45539751274832063     
  -3.8800000138580799       0.42529366608370106     
  -3.8700000140815973       0.40008364125171736     
  -3.8600000143051147       0.37872849239445289     
  -3.8500000145286322       0.36046681635334044     
  -3.8400000147521496       0.34472804869244916     
  -3.8300000149756670       0.33107636312600963     
  -3.8200000151991844       0.31917327318504790     
  -3.8100000154227018       0.30875204599574940     
  -3.8000000156462193       0.29959979410215065     
  -3.7900000158697367       0.29154468617255280     
  -3.7800000160932541       0.28444664804612690     
  -3.7700000163167715       0.27819049204960655     
  -3.7600000165402889       0.27268076655447721     
  -3.7500000167638063       0.26783784434166236     
  -3.7400000169873238       0.26359491649180000     
  -3.7300000172108412       0.25989565730312936     
  -3.7200000174343586       0.25669239276064226     
  -3.7100000176578760       0.25394465131414651     
  -3.7000000178813934       0.25161800808942431     
  -3.6900000181049109       0.24968315662540808     
  -3.6800000183284283       0.24811515875047802     
  -3.6700000185519457       0.24689283522950059     
  -3.6600000187754631       0.24599826864942118     
  -3.6500000189989805       0.24541639659331954     
  -3.6400000192224979       0.24513467808853087     
  -3.6300000194460154       0.24514282005876345     
  -3.6200000196695328       0.24543255338094694     
  -3.6100000198930502       0.24599745036456297     
  -3.6000000201165676       0.24683277719903005     
  -3.5900000203400850       0.24793537628167026     
  -3.5800000205636024       0.24930357442677226     
  -3.5700000207871199       0.25093711383465528     
  -3.5600000210106373       0.25283710341895693     
  -3.5500000212341547       0.25500598869116425     
  -3.5400000214576721       0.25744753891556038     
  -3.5300000216811895       0.26016685069038203     
  -3.5200000219047070       0.26317036751279677     
  -3.5100000221282244       0.26646591526299651     
  -3.5000000223517418       0.27006275389193229     
  -3.4900000225752592       0.27397164596545409     
  -3.4800000227987766       0.27820494307960131     
  -3.4700000230222940       0.28277669156194096     
  -3.4600000232458115       0.28770275930917399     
  -3.4500000234693289       0.29300098609644315     
  -3.4400000236928463       0.29869136026780513     
  -3.4300000239163637       0.30479622536688344     
  -3.4200000241398811       0.31134052105669791     
  -3.4100000243633986       0.31835206361140134     
  -3.4000000245869160       0.32586187240220443     
  -3.3900000248104334       0.33390455017988374     
  -3.3800000250339508       0.34251872666504163     
  -3.3700000252574682       0.35174757706164267     
  -3.3600000254809856       0.36163942974324181     
  -3.3500000257045031       0.37224848065442806     
  -3.3400000259280205       0.38363563613652840     
  -3.3300000261515379       0.39586951118626934     
  -3.3200000263750553       0.40902761693349066     
  -3.3100000265985727       0.42319777986764201     
  -3.3000000268220901       0.43847984671959611     
  -3.2900000270456076       0.45498774378103590     
  -3.2800000272691250       0.47285197913417060     
  -3.2700000274926424       0.49222270248015654     
  -3.2600000277161598       0.51327347257053468     
  -3.2500000279396772       0.53620593026365249     
  -3.2400000281631947       0.56125564123911509     
  -3.2300000283867121       0.58869946426912489     
  -3.2200000286102295       0.61886493036171342     
  -3.2100000288337469       0.65214230299592302     
  -3.2000000290572643       0.68900025776200546     
  -3.1900000292807817       0.73000651481152834     
  -3.1800000295042992       0.77585535015740015     
  -3.1700000297278166       0.82740481824750112     
  -3.1600000299513340       0.88572793445129094     
  -3.1500000301748514       0.95218433205759168     
  -3.1400000303983688        1.0285226310152358     
  -3.1300000306218863        1.1170300554881023     
  -3.1200000308454037        1.2207568620240767     
  -3.1100000310689211        1.3438631850925213     
  -3.1000000312924385        1.4921739921302606     
  -3.0900000315159559        1.6741040110362406     
  -3.0800000317394733        1.9022763559226605     
  -3.0700000319629908        2.1965285491414619     
  -3.0600000321865082        2.5899245677775200     
  -3.0500000324100256        3.1419813462480946     
  -3.0400000326335430        3.9717350227692498     
  -3.0300000328570604        5.3569396141913481     
  -3.0200000330805779        8.1308612308641024     
  -3.0100000333040953        16.459829629223481     
  -3.0000000335276127        4970662.6364573780     
  -2.9900000337511301       -16.878703216954762     
  -2.9800000339746475       -8.5498716230631953     
  -2.9700000341981649       -5.7763025266324481     
  -2.9600000344216824       -4.3916084872911094     
  -2.9500000346451998       -3.5625169535657055     
  -2.9400000348687172       -3.0112730811313457     
  -2.9300000350922346       -2.6188412827671654     
  -2.9200000353157520       -2.3257057471210651     
  -2.9100000355392694       -2.0988039758559069     
  -2.9000000357627869       -1.9183002112165113     
  -2.8900000359863043       -1.7715733657489066     
  -2.8800000362098217       -1.6502109938372904     
  -2.8700000364333391       -1.5483906671528815     
  -2.8600000366568565       -1.4619550523185203     
  -2.8500000368803740       -1.3878569634625109     
  -2.8400000371038914       -1.3238125260507840     
  -2.8300000373274088       -1.2680767595821527     
  -2.8200000375509262       -1.2192939722694707     
  -2.8100000377744436       -1.1763954059144208     
  -2.8000000379979610       -1.1385275939155255     
  -2.7900000382214785       -1.1050011952641123     
  -2.7800000384449959       -1.0752537900165342     
  -2.7700000386685133       -1.0488223877181999     
  -2.7600000388920307       -1.0253228164893906     
  -2.7500000391155481       -1.0044340668797771     
  -2.7400000393390656      -0.98588625726020507     
  -2.7300000395625830      -0.96945128262937053     
  -2.7200000397861004      -0.95493547682756019     
  -2.7100000400096178      -0.94217380307833964     
  -2.7000000402331352      -0.93102521723699516     
  -2.6900000404566526      -0.92136893999780345     
  -2.6800000406801701      -0.91310144038859320     
  -2.6700000409036875      -0.90613398091048525     
  -2.6600000411272049      -0.90039061006999632     
  -2.6500000413507223      -0.89580651429458535     
  -2.6400000415742397      -0.89232666099317204     
  -2.6300000417977571      -0.88990467945532825     
  -2.6200000420212746      -0.88850193773817465     
  -2.6100000422447920      -0.88808678253534734     
  -2.6000000424683094      -0.88863391588635798     
  -2.5900000426918268      -0.89012388801665887     
  -2.5800000429153442      -0.89254268989615604     
  -2.5700000431388617      -0.89588143256325758     
  -2.5600000433623791      -0.90013610306444169     
  -2.5500000435858965      -0.90530738920250031     
  -2.5400000438094139      -0.91140056722796414     
  -2.5300000440329313      -0.91842544828682815     
  -2.5200000442564487      -0.92639638092246446     
  -2.5100000444799662      -0.93533230827706848     
  -2.5000000447034836      -0.94525687988462181     
  -2.4900000449270010      -0.95619861918576665     
  -2.4800000451505184      -0.96819114913520621     
  -2.4700000453740358      -0.98127347953728472     
  -2.4600000455975533      -0.99549036117844913     
  -2.4500000458210707       -1.0108927133334007     
  -2.4400000460445881       -1.0275381330006159     
  -2.4300000462681055       -1.0454914962345241     
  -2.4200000464916229       -1.0648256643586926     
  -2.4100000467151403       -1.0856223106628904     
  -2.4000000469386578       -1.1079728866534411     
  -2.3900000471621752       -1.1319797511027587     
  -2.3800000473856926       -1.1577574902485850     
  -2.3700000476092100       -1.1854344638985215     
  -2.3600000478327274       -1.2151546200386503     
  -2.3500000480562449       -1.2470796304891829     
  -2.3400000482797623       -1.2813914126557713     
  -2.3300000485032797       -1.3182951183094767     
  -2.3200000487267971       -1.3580226906986874     
  -2.3100000489503145       -1.4008371175307184     
  -2.3000000491738319       -1.4470375414829835     
  -2.2900000493973494       -1.4969654345691283     
  -2.2800000496208668       -1.5510121017178995     
  -2.2700000498443842       -1.6096278576437799     
  -2.2600000500679016       -1.6733333269720050     
  -2.2500000502914190       -1.7427334616960100     
  -2.2400000505149364       -1.8185350680606134     
  -2.2300000507384539       -1.9015689105880345     
  -2.2200000509619713       -1.9928178492141602     
  -2.2100000511854887       -2.0934530202618027     
  -2.2000000514090061       -2.2048808762515315     
  -2.1900000516325235       -2.3288050849064246     
  -2.1800000518560410       -2.4673090656488479     
  -2.1700000520795584       -2.6229676611270478     
  -2.1600000523030758       -2.7990006901253857     
  -2.1500000525265932       -2.9994879263032481     
  -2.1400000527501106       -3.2296762154564655     
  -2.1300000529736280       -3.4964283442014068     
  -2.1200000531971455       -3.8088963481841174     
  -2.1100000534206629       -4.1795620848792154     
  -2.1000000536441803       -4.6259021558187063     
  -2.0900000538676977       -5.1731627831219997     
  -2.0800000540912151       -5.8592158496103854     
  -2.0700000543147326       -6.7435772644049488     
  -2.0600000545382500       -7.9254436960982257     
  -2.0500000547617674       -9.5833733739902129     
  -2.0400000549852848       -12.074488024067227     
  -2.0300000552088022       -16.232078329247287     
  -2.0200000554323196       -24.556023309485266     
  -2.0100000556558371       -49.545686140777576     
  -2.0000000558793545       -8947500.6016216259     
  -1.9900000561028719        50.469166837702659     
  -1.9800000563263893        25.479517460220944     
  -1.9700000565499067        17.156216404461585     
  -1.9600000567734241        12.999610435360946     
  -1.9500000569969416        10.509786037681391     
  -1.9400000572204590        8.8534454360977914     
  -1.9300000574439764        7.6734660290141878     
  -1.9200000576674938        6.7912908844800022     
  -1.9100000578910112        6.1077257083962273     
  -1.9000000581145287        5.5632576776590872     
  -1.8900000583380461        5.1200185693901750     
  -1.8800000585615635        4.7527663417971588     
  -1.8700000587850809        4.4440290760457390     
  -1.8600000590085983        4.1813300986904034     
  -1.8500000592321157        3.9555230675506379     
  -1.8400000594556332        3.7597514127635314     
  -1.8300000596791506        3.5887750464099315     
  -1.8200000599026680        3.4385215149894535     
  -1.8100000601261854        3.3057789062373835     
  -1.8000000603497028        3.1879808973215700     
  -1.7900000605732203        3.0830532316893224     
  -1.7800000607967377        2.9893020803024872     
  -1.7700000610202551        2.9053315410109835     
  -1.7600000612437725        2.8299817787854185     
  -1.7500000614672899        2.7622820287447634     
  -1.7400000616908073        2.7014144619469307     
  -1.7300000619143248        2.6466860992502719     
  -1.7200000621378422        2.5975067629329662     
  -1.7100000623613596        2.5533716105134228     
  -1.7000000625848770        2.5138471835554896     
  -1.6900000628083944        2.4785601798896630     
  -1.6800000630319118        2.4471883558136152     
  -1.6700000632554293        2.4194531089399822     
  -1.6600000634789467        2.3951133984423669     
  -1.6500000637024641        2.3739607381646994     
  -1.6400000639259815        2.3558150572462333     
  -1.6300000641494989        2.3405212677212934     
  -1.6200000643730164        2.3279464127799119     
  -1.6100000645965338        2.3179772957787317     
  -1.6000000648200512        2.3105185107070301     
  -1.5900000650435686        2.3054908108006411     
  -1.5800000652670860        2.3028297648921354     
  -1.5700000654906034        2.3024846611898697     
  -1.5600000657141209        2.3044176264466940     
  -1.5500000659376383        2.3086029352524622     
  -1.5400000661611557        2.3150264896899833     
  -1.5300000663846731        2.3236854544218102     
  -1.5200000666081905        2.3345880362375748     
  -1.5100000668317080        2.3477534007458760     
  -1.5000000670552254        2.3632117221240057     
  -1.4900000672787428        2.3810043649156531     
  -1.4800000675022602        2.4011841998361043     
  -1.4700000677257776        2.4238160585290589     
  -1.4600000679492950        2.4489773354023865     
  -1.4500000681728125        2.4767587479761302     
  -1.4400000683963299        2.5072652710212235     
  -1.4300000686198473        2.5406172639327043     
  -1.4200000688433647        2.5769518158389264     
  -1.4100000690668821        2.6164243387191330     
  -1.4000000692903996        2.6592104458554635     
  -1.3900000695139170        2.7055081613845431     
  -1.3800000697374344        2.7555405170874976     
  -1.3700000699609518        2.8095586053494812     
  -1.3600000701844692        2.8678451730350534     
  -1.3500000704079866        2.9307188609916239     
  -1.3400000706315041        2.9985392188556470     
  -1.3300000708550215        3.0717126567809645     
  -1.3200000710785389        3.1506995363901718     
  -1.3100000713020563        3.2360226557943914     
  -1.3000000715255737        3.3282774517796447     
  -1.2900000717490911        3.4281443316636415     
  -1.2800000719726086        3.5364036653474571     
  -1.2700000721961260        3.6539541255984371     
  -1.2600000724196434        3.7818352763914631     
  -1.2500000726431608        3.9212555973547949     
  -1.2400000728666782        4.0736275284723948     
  -1.2300000730901957        4.2406116703894901     
  -1.2200000733137131        4.4241730523007741     
  -1.2100000735372305        4.6266534888456050     
  -1.2000000737607479        4.8508656561230383     
  -1.1900000739842653        5.1002168876518619     
  -1.1800000742077827        5.3788742470873494     
  -1.1700000744313002        5.6919878731646696     
  -1.1600000746548176        6.0459980901098858     
  -1.1500000748783350        6.4490653732872847     
  -1.1400000751018524        6.9116845969079934     
  -1.1300000753253698        7.4475827918713806     
  -1.1200000755488873        8.0750657938308574     
  -1.1100000757724047        8.8190994380458410     
  -1.1000000759959221        9.7146394827638485     
  -1.0900000762194395        10.812181493028971     
  -1.0800000764429569        12.187473147716092     
  -1.0700000766664743        13.959551387895381     
  -1.0600000768899918        16.326816708226126     
  -1.0500000771135092        19.646396551560855     
  -1.0400000773370266        24.632553588744340     
  -1.0300000775605440        32.951909557750781     
  -1.0200000777840614        49.604333686734073     
  -1.0100000780075788        99.589050003084324     
  -1.0000000782310963        12782456.056050733     
 -0.99000007845461369       -100.43631058032024     
 -0.98000007867813110       -50.450723593126668     
 -0.97000007890164852       -33.798587193579934     
 -0.96000007912516594       -25.479863065897728     
 -0.95000007934868336       -20.494582439214359     
 -0.94000007957220078       -17.176099903036455     
 -0.93000007979571819       -14.810145649854995     
 -0.92000008001923561       -13.039590298061023     
 -0.91000008024275303       -11.666033526241147     
 -0.90000008046627045       -10.570439634154569     
 -0.89000008068978786       -9.6770628422955767     
 -0.88000008091330528       -8.9354099665404387     
 -0.87000008113682270       -8.3105280303229936     
 -0.86000008136034012       -7.7774543438937442     
 -0.85000008158385754       -7.3178865658767860     
 -0.84000008180737495       -6.9181015052607133     
 -0.83000008203089237       -6.5676084772317491     
 -0.82000008225440979       -6.2582515538423529     
 -0.81000008247792721       -5.9835953281216687     
 -0.80000008270144463       -5.7384949628882813     
 -0.79000008292496204       -5.5187890971650093     
 -0.78000008314847946       -5.3210765201813466     
 -0.77000008337199688       -5.1425511197888092     
 -0.76000008359551430       -4.9808781098097779     
 -0.75000008381903172       -4.8340999796262745     
 -0.74000008404254913       -4.7005641653343604     
 -0.73000008426606655       -4.5788668125158187     
 -0.72000008448958397       -4.4678086094457043     
 -0.71000008471310139       -4.3663597789639823     
 -0.70000008493661880       -4.2736320939964676     
 -0.69000008516013622       -4.1888563328365294     
 -0.68000008538365364       -4.1113639865654115     
 -0.67000008560717106       -4.0405723191303666     
 -0.66000008583068848       -3.9759720925663506     
 -0.65000008605420589       -3.9171174272950129     
 -0.64000008627772331       -3.8636173856151861     
 -0.63000008650124073       -3.8151289559414931     
 -0.62000008672475815       -3.7713511836965079     
 -0.61000008694827557       -3.7320202473392126     
 -0.60000008717179298       -3.6969053189908423     
 -0.59000008739531040       -3.6658050809160998     
 -0.58000008761882782       -3.6385447945243103     
 -0.57000008784234524       -3.6149738384420300     
 -0.56000008806586266       -3.5949636484154404     
 -0.55000008828938007       -3.5784060047175821     
 -0.54000008851289749       -3.5652116234077167     
 -0.53000008873641491       -3.5553090165891055     
 -0.52000008895993233       -3.5486435941853016     
 -0.51000008918344975       -3.5451769859969344     
 -0.50000008940696716       -3.5448865683808428     
 -0.49000008963048458       -3.5477651846813454     
 -0.48000008985400200       -3.5538210530868914     
 -0.47000009007751942       -3.5630778598274007     
 -0.46000009030103683       -3.5755750397792423     
 -0.45000009052455425       -3.5913682508610445     
 -0.44000009074807167       -3.6105300530093487     
 -0.43000009097158909       -3.6331508075014214     
 -0.42000009119510651       -3.6593398177659529     
 -0.41000009141862392       -3.6892267392209890     
 -0.40000009164214134       -3.7229632929804466     
 -0.39000009186565876       -3.7607253270856300     
 -0.38000009208917618       -3.8027152795872650     
 -0.37000009231269360       -3.8491651107233187     
 -0.36000009253621101       -3.9003397876428281     
 -0.35000009275972843       -3.9565414250310456     
 -0.34000009298324585       -4.0181142103518237     
 -0.33000009320676327       -4.0854502742616612     
 -0.32000009343028069       -4.1589967077540146     
 -0.31000009365379810       -4.2392639800682810     
 -0.30000009387731552       -4.3268360798615308     
 -0.29000009410083294       -4.4223827915275464     
 -0.28000009432435036       -4.5266746367134951     
 -0.27000009454786777       -4.6406011686027497     
 -0.26000009477138519       -4.7651935183998955     
 -0.25000009499490261       -4.9016523817162421     
 -0.24000009521842003       -5.0513830287007506     
 -0.23000009544193745       -5.2160394730366191     
 -0.22000009566545486       -5.3975807114851664     
 -0.21000009588897228       -5.5983430553227835     
 -0.20000009611248970       -5.8211341836040544     
 -0.19000009633600712       -6.0693569189734751     
 -0.18000009655952454       -6.3471742829028104     
 -0.17000009678304195       -6.6597328258409991     
 -0.16000009700655937       -7.0134697257627021     
 -0.15000009723007679       -7.4165427452906707     
 -0.14000009745359421       -7.8794444749295458     
 -0.13000009767711163       -8.4159000916946756     
 -0.12000009790062904       -9.0442140153887252     
 -0.11000009812414646       -9.7893511226879433     
 -0.10000009834766388       -10.686266707549674     
  -9.0000098571181297E-002  -11.785456432186201     
  -8.0000098794698715E-002  -13.162668756388644     
  -7.0000099018216133E-002  -14.936942315700190     
  -6.0000099241733551E-002  -17.306680670679391     
  -5.0000099465250969E-002  -20.629016693926221     
  -4.0000099688768387E-002  -25.618223268080790     
  -3.0000099912285805E-002  -33.940944086265688     
  -2.0000100135803223E-002  -50.597107924684160     
  -1.0000100359320641E-002  -100.58618496004971     
  -1.0058283805847168E-007  -9942054.5031560659     
   9.9998991936445236E-003   99.433602408611790     
   1.9999898970127106E-002   49.442471855598754     
   2.9999898746609688E-002   32.785119875385611     
   3.9999898523092270E-002   24.461027370679354     
   4.9999898299574852E-002   19.470134823335446     
   5.9999898076057434E-002   16.145764545221507     
   6.9999897852540016E-002   13.773630106539498     
   7.9999897629022598E-002   11.996590944538042     
   8.9999897405505180E-002   10.616237681777472     
   9.9999897181987762E-002   9.5135263777674908     
  0.10999989695847034        8.6127032320108494     
  0.11999989673495293        7.8632669539922446     
  0.12999989651143551        7.2302562024575003     
  0.13999989628791809        6.6886995560974709     
  0.14999989606440067        6.2202854996488135     
  0.15999989584088326        5.8112811678578824     
  0.16999989561736584        5.4511856525413682     
  0.17999989539384842        5.1318322090031145     
  0.18999989517033100        4.8467739777431094     
  0.19999989494681358        4.5908539908480295     
  0.20999989472329617        4.3598980349325913     
  0.21999989449977875        4.1504912796460403     
  0.22999989427626133        3.9598131779362005     
  0.23999989405274391        3.7855136420322881     
  0.24999989382922649        3.6256189379125647     
  0.25999989360570908        3.4784592971081549     
  0.26999989338219166        3.3426126153187439     
  0.27999989315867424        3.2168602162096640     
  0.28999989293515682        3.1001517679502397     
  0.29999989271163940        2.9915772169535013     
  0.30999989248812199        2.8903441541705774     
  0.31999989226460457        2.7957594255868048     
  0.32999989204108715        2.7072140866183707     
  0.33999989181756973        2.6241710119282211     
  0.34999989159405231        2.5461546295567614     
  0.35999989137053490        2.4727423663243946     
  0.36999989114701748        2.4035574806820619     
  0.37999989092350006        2.3382630274727418     
  0.38999989069998264        2.2765567514063818     
  0.39999989047646523        2.2181667466810286     
  0.40999989025294781        2.1628477520038563     
  0.41999989002943039        2.1103779750302718     
  0.42999988980591297        2.0605563600877650     
  0.43999988958239555        2.0132002286088926     
  0.44999988935887814        1.9681432343328884     
  0.45999988913536072        1.9252335853249680     
  0.46999988891184330        1.8843324931078000     
  0.47999988868832588        1.8453128157493757     
  0.48999988846480846        1.8080578672218708     
  0.49999988824129105        1.7724603697112193     
  0.50999988801777363        1.7384215293125733     
  0.51999988779425621        1.7058502184119830     
  0.52999988757073879        1.6746622507588227     
  0.53999988734722137        1.6447797371221904     
  0.54999988712370396        1.6161305113273312     
  0.55999988690018654        1.5886476178491937     
  0.56999988667666912        1.5622688534145537     
  0.57999988645315170        1.5369363560646605     
  0.58999988622963428        1.5125962360828653     
  0.59999988600611687        1.4891982438656208     
  0.60999988578259945        1.4666954705210140     
  0.61999988555908203        1.4450440774794662     
  0.62999988533556461        1.4242030519123301     
  0.63999988511204720        1.4041339850991350     
  0.64999988488852978        1.3848008713209510     
  0.65999988466501236        1.3661699250434560     
  0.66999988444149494        1.3482094145285777     
  0.67999988421797752        1.3308895101469949     
  0.68999988399446011        1.3141821459226337     
  0.69999988377094269        1.2980608929624082     
  0.70999988354742527        1.2825008436244154     
  0.71999988332390785        1.2674785053498627     
  0.72999988310039043        1.2529717032602024     
  0.73999988287687302        1.2389594906671197     
  0.74999988265335560        1.2254220667692315     
  0.75999988242983818        1.2123407008710478     
  0.76999988220632076        1.1996976625116398     
  0.77999988198280334        1.1874761570128824     
  0.78999988175928593        1.1756602659247422     
  0.79999988153576851        1.1642348919571235     
  0.80999988131225109        1.1531857080126642     
  0.81999988108873367        1.1424991099639215     
  0.82999988086521626        1.1321621728598594     
  0.83999988064169884        1.1221626102707893     
  0.84999988041818142        1.1124887365326523     
  0.85999988019466400        1.1031294316186451     
  0.86999987997114658        1.0940741084629273     
  0.87999987974762917        1.0853126825189832     
  0.88999987952411175        1.0768355433844159     
  0.89999987930059433        1.0686335283256625     
  0.90999987907707691        1.0606978975657828     
  0.91999987885355949        1.0530203111868630     
  0.92999987863004208        1.0455928075457765     
  0.93999987840652466        1.0384077830654150     
  0.94999987818300724        1.0314579733187079     
  0.95999987795948982        1.0247364353008579     
  0.96999987773597240        1.0182365308153629     
  0.97999987751245499        1.0119519108741422     
  0.98999987728893757        1.0058765010636777     
  0.99999987706542015        1.0000044877907679     
   1.0099998768419027       0.99433030534948685     
   1.0199998766183853       0.98884862377662519     
   1.0299998763948679       0.98355433739602993     
   1.0399998761713505       0.97844255404673652     
   1.0499998759478331       0.97350858493540882     
   1.0599998757243156       0.96874793505954393     
   1.0699998755007982       0.96415629419072169     
   1.0799998752772808       0.95972952834378111     
   1.0899998750537634       0.95546367174769398     
   1.0999998748302460       0.95135491923966908     
   1.1099998746067286       0.94739961908629255     
   1.1199998743832111       0.94359426619915743     
   1.1299998741596937       0.93993549570566293     
   1.1399998739361763       0.93642007687483120     
   1.1499998737126589       0.93304490736344836     
   1.1599998734891415       0.92980700775724578     
   1.1699998732656240       0.92670351641254878     
   1.1799998730421066       0.92373168455180155     
   1.1899998728185892       0.92088887162472455     
   1.1999998725950718       0.91817254089362443     
   1.2099998723715544       0.91558025525156206     
   1.2199998721480370       0.91310967325275527     
   1.2299998719245195       0.91075854533558820     
   1.2399998717010021       0.90852471024018722     
   1.2499998714774847       0.90640609159452956     
   1.2599998712539673       0.90440069467606243     
   1.2699998710304499       0.90250660333324262     
   1.2799998708069324       0.90072197704669066     
   1.2899998705834150       0.89904504813679087     
   1.2999998703598976       0.89747411910830321     
   1.3099998701363802       0.89600756012128924     
   1.3199998699128628       0.89464380657283515     
   1.3299998696893454       0.89338135680654174     
   1.3399998694658279       0.89221876991600635     
   1.3499998692423105       0.89115466366225071     
   1.3599998690187931       0.89018771247930040     
   1.3699998687952757       0.88931664557784207     
   1.3799998685717583       0.88854024513049434     
   1.3899998683482409       0.88785734454772280     
   1.3999998681247234       0.88726682682196634     
   1.4099998679012060       0.88676762295989897     
   1.4199998676776886       0.88635871047242454     
   1.4299998674541712       0.88603911194546214     
   1.4399998672306538       0.88580789366132417     
   1.4499998670071363       0.88566416429536854     
   1.4599998667836189       0.88560707366547287     
   1.4699998665601015       0.88563581153091886     
   1.4799998663365841       0.88574960645740020     
   1.4899998661130667       0.88594772472182348     
   1.4999998658895493       0.88622946926973911     
   1.5099998656660318       0.88659417872262536     
   1.5199998654425144       0.88704122642255390     
   1.5299998652189970       0.88757001952489345     
   1.5399998649954796       0.88817999812354675     
   1.5499998647719622       0.88887063442804237     
   1.5599998645484447       0.88964143196520096     
   1.5699998643249273       0.89049192481838357     
   1.5799998641014099       0.89142167690691687     
   1.5899998638778925       0.89243028129092461     
   1.5999998636543751       0.89351735951320388     
   1.6099998634308577       0.89468256096136811     
   1.6199998632073402       0.89592556227503928     
   1.6299998629838228       0.89724606675853447     
   1.6399998627603054       0.89864380383705111     
   1.6499998625367880       0.90011852853673646     
   1.6599998623132706       0.90167002097784554     
   1.6699998620897532       0.90329808589892835     
   1.6799998618662357       0.90500255220782222     
   1.6899998616427183       0.90678327254411728     
   1.6999998614192009       0.90864012286827145     
   1.7099998611956835       0.91057300207068459     
   1.7199998609721661       0.91258183159939432     
   1.7299998607486486       0.91466655510218431     
   1.7399998605251312       0.91682713809761718     
   1.7499998603016138       0.91906356764780905     
   1.7599998600780964       0.92137585206131301     
   1.7699998598545790       0.92376402060425666     
   1.7799998596310616       0.92622812323387160     
   1.7899998594075441       0.92876823033742284     
   1.7999998591840267       0.93138443249388736     
   1.8099998589605093       0.93407684024511095     
   1.8199998587369919       0.93684558388776373     
   1.8299998585134745       0.93969081326306902     
   1.8399998582899570       0.94261269758058208     
   1.8499998580664396       0.94561142523605601     
   1.8599998578429222       0.94868720364970682     
   1.8699998576194048       0.95184025911642045     
   1.8799998573958874       0.95507083666322967     
   1.8899998571723700       0.95837919992560439     
   1.8999998569488525       0.96176563102443680     
   1.9099998567253351       0.96523043045856560     
   1.9199998565018177       0.96877391701333770     
   1.9299998562783003       0.97239642766321510     
   1.9399998560547829       0.97609831750373444     
   1.9499998558312654       0.97987995968101083     
   1.9599998556077480       0.98374174532453629     
   1.9699998553842306       0.98768408351074988     
   1.9799998551607132       0.99170740121281520     
   1.9899998549371958       0.99581214326999179     
   1.9999998547136784       0.99999877236803925     
   2.0099998544901609        1.0042677690114381     
   2.0199998542666435        1.0086196315370664     
   2.0299998540431261        1.0130548760949976     
   2.0399998538196087        1.0175740366681947     
   2.0499998535960913        1.0221776650854089     
   2.0599998533725739        1.0268663310442434     
   2.0699998531490564        1.0316406221452898     
   2.0799998529255390        1.0365011439282665     
   2.0899998527020216        1.0414485199229724     
   2.0999998524785042        1.0464833916975524     
   2.1099998522549868        1.0516064189224161     
   2.1199998520314693        1.0568182794349730     
   2.1299998518079519        1.0621196693172408     
   2.1399998515844345        1.0675113029787229     
   2.1499998513609171        1.0729939132372683     
   2.1599998511373997        1.0785682514255284     
   2.1699998509138823        1.0842350874792068     
   2.1799998506903648        1.0899952100611920     
   2.1899998504668474        1.0958494266626269     
   2.1999998502433300        1.1017985637310865     
   2.2099998500198126        1.1078434668032360     
   2.2199998497962952        1.1139850006289287     
   2.2299998495727777        1.1202240493234630     
   2.2399998493492603        1.1265615165061265     
   2.2499998491257429        1.1329983254639919     
   2.2599998489022255        1.1395354193030729     
   2.2699998486787081        1.1461737611211706     
   2.2799998484551907        1.1529143341840731     
   2.2899998482316732        1.1597581420984158     
   2.2999998480081558        1.1667062090043510     
   2.3099998477846384        1.1737595797611229     
   2.3199998475611210        1.1809193201584887     
   2.3299998473376036        1.1881865171132886     
   2.3399998471140862        1.1955622788827880     
   2.3499998468905687        1.2030477352872226     
   2.3599998466670513        1.2106440379342405     
   2.3699998464435339        1.2183523604486999     
   2.3799998462200165        1.2261738987135182     
   2.3899998459964991        1.2341098711152971     
   2.3999998457729816        1.2421615187975485     
   2.4099998455494642        1.2503301059140466     
   2.4199998453259468        1.2586169199019619     
   2.4299998451024294        1.2670232717467060     
   2.4399998448789120        1.2755504962703668     
   2.4499998446553946        1.2841999524083929     
   2.4599998444318771        1.2929730235090717     
   2.4699998442083597        1.3018711176318440     
   2.4799998439848423        1.3108956678528776     
   2.4899998437613249        1.3200481325863425     
   2.4999998435378075        1.3293299958959879     
   2.5099998433142900        1.3387427678346273     
   2.5199998430907726        1.3482879847717242     
   2.5299998428672552        1.3579672097448798     
   2.5399998426437378        1.3677820328064452     
   2.5499998424202204        1.3777340713862583     
   2.5599998421967030        1.3878249706542913     
   2.5699998419731855        1.3980564039007144     
   2.5799998417496681        1.4084300729174779     
   2.5899998415261507        1.4189477083828341     
   2.5999998413026333        1.4296110702687741     
   2.6099998410791159        1.4404219482448932     
   2.6199998408555984        1.4513821620922638     
   2.6299998406320810        1.4624935621271440     
   2.6399998404085636        1.4737580296400754     
   2.6499998401850462        1.4851774773262989     
   2.6599998399615288        1.4967538497455037     
   2.6699998397380114        1.5084891237737705     
   2.6799998395144939        1.5203853090750874     
   2.6899998392909765        1.5324444485806625     
   2.6999998390674591        1.5446686189670249     
   2.7099998388439417        1.5570599311624005     
   2.7199998386204243        1.5696205308445497     
   2.7299998383969069        1.5823525989546565     
   2.7399998381733894        1.5952583522326942     
   2.7499998379498720        1.6083400437421724     
   2.7599998377263546        1.6215999634196376     
   2.7699998375028372        1.6350404386296329     
   2.7799998372793198        1.6486638347297806     
   2.7899998370558023        1.6624725556494520     
   2.7999998368322849        1.6764690444778452     
   2.8099998366087675        1.6906557840570298     
   2.8199998363852501        1.7050352975980252     
   2.8299998361617327        1.7196101493004532     
   2.8399998359382153        1.7343829449831778     
   2.8499998357146978        1.7493563327275536     
   2.8599998354911804        1.7645330035418034     
   2.8699998352676630        1.7799156920137107     
   2.8799998350441456        1.7955071770127724     
   2.8899998348206282        1.8113102823594669     
   2.8999998345971107        1.8273278775528536     
   2.9099998343735933        1.8435628784759177     
   2.9199998341500759        1.8600182481306404     
   2.9299998339265585        1.8766969973888961     
   2.9399998337030411        1.8936021857423950     
   2.9499998334795237        1.9107369220817789     
   2.9599998332560062        1.9281043654815182     
   2.9699998330324888        1.9457077260036608     
   2.9799998328089714        1.9635502655087853     
   2.9899998325854540        1.9816352984894494     
   2.9999998323619366        1.9999661929213797     
   3.0099998321384192        2.0185463711104976     
   3.0199998319149017        2.0373793105849605     
   3.0299998316913843        2.0564685449777027     
   3.0399998314678669        2.0758176649375031     
   3.0499998312443495        2.0954303190565646     
   3.0599998310208321        2.1153102148110143     
   3.0699998307973146        2.1354611195151740     
   3.0799998305737972        2.1558868613065156     
   3.0899998303502798        2.1765913301327195     
   3.0999998301267624        2.1975784787636958     
   3.1099998299032450        2.2188523238240414     
   3.1199998296797276        2.2404169468398853     
   3.1299998294562101        2.2622764953077965     
   3.1399998292326927        2.2844351837812962     
   3.1499998290091753        2.3068972949758115     
   3.1599998287856579        2.3296671808899978     
   3.1699998285621405        2.3527492639656509     
   3.1799998283386230        2.3761480382429898     
   3.1899998281151056        2.3998680705535924     
   3.1999998278915882        2.4239140017220344     
   3.2099998276680708        2.4482905478162227     
   3.2199998274445534        2.4730025013770858     
   3.2299998272210360        2.4980547327142455     
   3.2399998269975185        2.5234521911947252     
   3.2499998267740011        2.5491999065689965     
   3.2599998265504837        2.5753029903124856     
   3.2699998263269663        2.6017666370091259     
   3.2799998261034489        2.6285961257217925     
   3.2899998258799314        2.6557968214545045     
   3.2999998256564140        2.6833741765483645     
   3.3099998254328966        2.7113337321982152     
   3.3199998252093792        2.7396811199166113     
   3.3299998249858618        2.7684220630868830     
   3.3399998247623444        2.7975623785045753     
   3.3499998245388269        2.8271079779511035     
   3.3599998243153095        2.8570648698246743     
   3.3699998240917921        2.8874391607640844     
   3.3799998238682747        2.9182370573201699     
   3.3899998236447573        2.9494648676552315     
   3.3999998234212399        2.9811290032896642     
   3.4099998231977224        3.0132359808271874     
   3.4199998229742050        3.0457924237869811     
   3.4299998227506876        3.0788050643986349     
   3.4399998225271702        3.1122807454879933     
   3.4499998223036528        3.1462264223510292     
   3.4599998220801353        3.1806491646895165     
   3.4699998218566179        3.2155561585693762     
   3.4799998216331005        3.2509547084159989     
   3.4899998214095831        3.2868522390587036     
   3.4999998211860657        3.3232562977905431     
   3.5099998209625483        3.3601745564904264     
   3.5199998207390308        3.3976148137523094     
   3.5299998205155134        3.4355849970862242     
   3.5399998202919960        3.4740931651354763     
   3.5499998200684786        3.5131475099565921     
   3.5599998198449612        3.5527563593116369     
   3.5699998196214437        3.5929281790323739     
   3.5799998193979263        3.6336715753939925     
   3.5899998191744089        3.6749952975759030     
   3.5999998189508915        3.7169082401336078     
   3.6099998187273741        3.7594194455214152     
   3.6199998185038567        3.8025381066647861     
   3.6299998182803392        3.8462735695921002     
   3.6399998180568218        3.8906353360950234     
   3.6499998178333044        3.9356330664386654     
   3.6599998176097870        3.9812765821454068     
   3.6699998173862696        4.0275758688073013     
   3.6799998171627522        4.0745410789438772     
   3.6899998169392347        4.1221825349397427     
   3.6999998167157173        4.1705107320176076     
   3.7099998164921999        4.2195363412598370     
   3.7199998162686825        4.2692702127057673     
   3.7299998160451651        4.3197233785025837     
   3.7399998158216476        4.3709070560717249     
   3.7499998155981302        4.4228326514275542     
   3.7599998153746128        4.4755117624416973     
   3.7699998151510954        4.5289561822567634     
   3.7799998149275780        4.5831779027225448     
   3.7899998147040606        4.6381891179136128     
   3.7999998144805431        4.6940022276857212     
   3.8099998142570257        4.7506298413228949     
   3.8199998140335083        4.8080847812653520     
   3.8299998138099909        4.8663800868440630     
   3.8399998135864735        4.9255290181555855     
   3.8499998133629560        4.9855450599791338     
   3.8599998131394386        5.0464419257578639     
   3.8699998129159212        5.1082335616560339     
   3.8799998126924038        5.1709341507213260     
   3.8899998124688864        5.2345581170755757     
   3.8999998122453690        5.2991201302285855     
   3.9099998120218515        5.3646351094542677     
   3.9199998117983341        5.4311182282186650     
   3.9299998115748167        5.4985849187594988     
   3.9399998113512993        5.5670508766969640     
   3.9499998111277819        5.6365320657053362     
   3.9599998109042645        5.7070447224015695     
   3.9699998106807470        5.7786053611231498     
   3.9799998104572296        5.8512307790063245     
   3.9899998102337122        5.9249380609919955     
   3.9999998100101948        5.9997445850342004     
   4.0099998097866774        6.0756680273457846     
   4.0199998095631599        6.1527263677607760     
   4.0299998093396425        6.2309378952143257     
   4.0399998091161251        6.3103212133013935     
   4.0499998088926077        6.3908952459381059     
   4.0599998086690903        6.4726792431732614     
   4.0699998084455729        6.5556927870370956     
   4.0799998082220554        6.6399557975437755     
   4.0899998079985380        6.7254885388460535     
   4.0999998077750206        6.8123116254061955     
   4.1099998075515032        6.9004460283770843     
   4.1199998073279858        6.9899130820470319     
   4.1299998071044683        7.0807344904332297     
   4.1399998068809509        7.1729323339841580     
   4.1499998066574335        7.2665290764455088     
   4.1599998064339161        7.3615475717645085     
   4.1699998062103987        7.4580110712538916     
   4.1799998059868813        7.5559432308076486     
   4.1899998057633638        7.6553681182332589     
   4.1999998055398464        7.7563102208026828     
   4.2099998053163290        7.8587944528996836     
   4.2199998050928116        7.9628461637930341     
   4.2299998048692942        8.0684911456108495     
   4.2399998046457767        8.1757556414263028     
   4.2499998044222593        8.2846663534912803     
   4.2599998041987419        8.3952504516812034     
   4.2699998039752245        8.5075355820340963     
   4.2799998037517071        8.6215498754649911     
   4.2899998035281897        8.7373219567511455     
   4.2999998033046722        8.8548809534744706     
   4.3099998030811548        8.9742565053724164     
   4.3199998028576374        9.0954787736846132     
   4.3299998026341200        9.2185784507786366     
   4.3399998024106026        9.3435867699382076     
   4.3499998021870852        9.4705355153355626     
   4.3599998019635677        9.5994570321596306     
   4.3699998017400503        9.7303842369760094     
   4.3799998015165329        9.8633506283425056     
   4.3899998012930155        9.9983902974801460     
   4.3999998010694981        10.135537939273110     
   4.4099998008459806        10.274828863468182     
   4.4199998006224632        10.416299006010629     
   4.4299998003989458        10.559984940680293     
   4.4399998001754284        10.705923890945519     
   4.4499997999519110        10.854153741965634     
   4.4599997997283936        11.004713052910729     
   4.4699997995048761        11.157641069534391     
   4.4799997992813587        11.312977736829890     
   4.4899997990578413        11.470763712175311     
   4.4999997988343239        11.631040378524576     
