10 20
10 30
10 40
10 51
10 52
10 53
10 61
10 62
10 71
10 72
10 250
10 260
10 270
10 280
10 290
10 300
10 310
10 330
10 350
10 360
10 380
10 400
10 410
10 430
10 480
10 500
10 520
10 524
10 534
10 561
10 562
10 564
10 620
10 630
10 640
10 650
10 730
10 750
10 760
10 770
10 900
10 920
10 1100
10 2010
10 4910
10 4930
10 4964
10 4973
10 4974
10 4976
10 4977
10 4978
20 30
20 40
20 53
20 61
20 62
20 71
20 72
20 190
20 250
20 260
20 270
20 280
20 290
20 300
20 310
20 330
20 340
20 350
20 360
20 380
20 400
20 410
20 430
20 471
20 480
20 562
20 620
20 630
20 640
20 650
20 730
20 750
20 760
20 770
20 900
20 1100
20 4930
20 4964
20 4976
20 4977
20 5200
20 5211
30 40
30 51
30 52
30 53
30 230
30 240
30 250
30 260
30 270
30 290
30 330
30 340
30 350
30 360
30 400
30 430
30 500
30 520
30 524
30 561
30 562
30 620
30 630
30 650
30 730
30 740
30 750
30 760
30 770
30 900
30 1100
30 2010
30 4910
30 4930
30 4973
30 4976
30 4978
40 51
40 52
40 53
40 240
40 250
40 260
40 270
40 290
40 300
40 330
40 340
40 350
40 360
40 430
40 471
40 500
40 520
40 561
40 562
40 564
40 620
40 630
40 650
40 730
40 740
40 750
40 760
40 770
40 790
40 900
40 1100
40 2010
40 4930
40 4964
40 4973
40 4976
51 52
51 53
51 500
51 510
51 520
51 561
51 562
51 564
51 620
51 730
51 750
51 760
51 900
51 1100
51 2010
51 4142
51 4964
51 4973
52 53
52 240
52 500
52 520
52 524
52 561
52 562
52 564
52 620
52 730
52 750
52 760
52 900
52 1100
52 2010
52 4070
52 4142
52 4742
52 4910
52 4930
52 4964
52 4973
52 4976
52 4978
53 240
53 250
53 260
53 270
53 290
53 300
53 330
53 340
53 350
53 360
53 430
53 471
53 480
53 500
53 510
53 520
53 561
53 562
53 620
53 630
53 650
53 730
53 750
53 760
53 770
53 900
53 1100
53 2010
53 4070
53 4930
53 4964
53 4976
53 4977
61 62
61 71
61 72
61 280
61 290
61 300
61 310
61 360
61 380
61 410
61 430
61 480
61 524
61 562
61 620
61 630
61 640
61 650
61 770
61 780
61 785
61 900
61 1040
61 1100
61 4920
61 4976
62 71
62 72
62 280
62 290
62 300
62 310
62 380
62 410
62 430
62 480
62 562
62 563
62 600
62 620
62 630
62 640
62 650
62 900
62 1040
62 1100
62 4976
71 72
71 280
71 290
71 300
71 310
71 380
71 410
71 430
71 480
71 524
71 561
71 562
71 563
71 600
71 620
71 630
71 640
71 650
71 770
71 900
71 1040
71 1100
71 4920
71 4930
71 4975
71 4976
71 4977
72 280
72 290
72 300
72 310
72 350
72 380
72 410
72 430
72 480
72 562
72 620
72 630
72 640
72 650
72 900
72 1100
72 4976
100 120
100 140
100 900
100 1100
100 4340
100 4961
100 4975
100 4976
100 4977
100 4978
100 5152
100 5200
100 5217
100 5323
120 140
120 230
120 260
120 310
120 430
120 460
120 480
120 730
120 860
120 910
120 970
120 1100
120 2010
120 4080
120 4340
120 4974
120 4975
120 4976
120 4977
120 4978
120 5200
120 5217
130 190
130 330
130 350
130 360
130 400
130 460
130 730
130 790
130 900
130 970
130 1100
130 4916
130 4974
130 4977
130 5012
140 1100
140 4080
140 4114
140 4340
140 4914
140 4960
140 4961
140 4975
140 4976
140 4977
140 5020
140 5200
140 5215
140 5217
190 230
190 250
190 330
190 350
190 360
190 524
190 630
190 640
190 650
190 740
190 760
190 860
190 1100
190 2010
190 4020
190 4080
190 4142
190 4144
190 4145
190 4260
190 4742
190 4930
190 4962
190 4964
190 4966
190 4970
190 4971
190 4972
190 4974
190 4976
190 4977
190 4978
190 5012
190 5014
190 5200
190 5211
190 5323
190 5410
230 232
230 240
230 250
230 260
230 270
230 310
230 330
230 340
230 400
230 460
230 471
230 480
230 534
230 620
230 630
230 730
230 740
230 770
230 790
230 860
230 910
230 920
230 970
230 1100
230 2010
230 3013
230 4010
230 4020
230 4062
230 4080
230 4114
230 4122
230 4142
230 4144
230 4150
230 4270
230 4540
230 4670
230 4710
230 4720
230 4730
230 4740
230 4742
230 4744
230 4910
230 4912
230 4914
230 4916
230 4930
230 4960
230 4961
230 4962
230 4964
230 4966
230 4970
230 4971
230 4972
230 4973
230 4974
230 4976
230 4978
230 5012
230 5020
230 5142
230 5146
230 5410
230 5414
232 260
232 330
232 630
232 1100
240 250
240 280
240 330
240 340
240 400
240 410
240 471
240 500
240 520
240 561
240 640
240 770
240 910
240 970
240 1100
240 2010
240 4080
240 4964
240 4974
240 4978
250 260
250 270
250 290
250 300
250 330
250 340
250 350
250 360
250 410
250 430
250 450
250 460
250 471
250 480
250 520
250 524
250 620
250 630
250 640
250 650
250 730
250 750
250 760
250 770
250 860
250 900
250 910
250 970
250 1100
250 2010
250 4080
250 4122
250 4540
250 4720
250 4730
250 4742
250 4930
250 4964
250 4966
250 4974
250 4976
250 4978
250 5014
250 5016
250 5200
250 5211
260 270
260 290
260 300
260 310
260 330
260 340
260 350
260 360
260 380
260 400
260 410
260 430
260 460
260 480
260 561
260 564
260 600
260 620
260 630
260 640
260 650
260 670
260 730
260 750
260 760
260 770
260 790
260 860
260 900
260 910
260 920
260 970
260 1100
260 2010
260 4080
260 4122
260 4930
260 4964
260 4966
260 4970
260 4971
260 4972
260 4973
260 4974
260 4976
260 4978
260 5140
260 5143
260 5146
260 5322
270 290
270 300
270 330
270 340
270 350
270 360
270 400
270 410
270 430
270 450
270 460
270 480
270 600
270 620
270 630
270 640
270 650
270 730
270 750
270 760
270 770
270 900
270 910
270 920
270 970
270 1100
270 2010
270 4080
270 4122
270 4930
270 4974
270 4976
270 4978
280 290
280 300
280 310
280 350
280 360
280 380
280 410
280 430
280 480
280 561
280 562
280 620
280 630
280 640
280 650
280 730
280 770
280 900
280 970
280 1100
280 2010
280 4974
280 4976
280 4977
280 4978
290 300
290 310
290 330
290 350
290 360
290 380
290 410
290 430
290 450
290 480
290 562
290 620
290 630
290 640
290 650
290 730
290 750
290 760
290 770
290 860
290 900
290 970
290 1100
290 2010
290 4930
290 4974
290 4976
290 4978
300 310
300 330
300 340
300 380
300 400
300 410
300 430
300 460
300 471
300 480
300 562
300 620
300 630
300 640
300 650
300 750
300 760
300 770
300 780
300 900
300 910
300 920
300 970
300 1100
300 2010
300 4080
300 4964
300 4974
300 4976
310 330
310 380
310 410
310 430
310 460
310 480
310 562
310 620
310 630
310 640
310 650
310 730
310 780
310 860
310 900
310 910
310 970
310 1100
310 2010
310 4080
310 4974
310 4976
310 4978
330 340
330 350
330 360
330 400
330 410
330 430
330 460
330 471
330 472
330 480
330 524
330 620
330 630
330 650
330 730
330 750
330 760
330 770
330 860
330 900
330 910
330 970
330 1100
330 2010
330 4080
330 4122
330 4145
330 4370
330 4540
330 4720
330 4730
330 4742
330 4930
330 4940
330 4964
330 4966
330 4970
330 4971
330 4972
330 4973
330 4974
330 4976
330 4978
330 5010
330 5014
330 5016
330 5140
330 5142
330 5143
330 5144
330 5146
330 5200
330 5211
330 5330
330 5332
340 400
340 410
340 460
340 471
340 480
340 524
340 630
340 650
340 750
340 760
340 770
340 860
340 910
340 970
340 1100
340 2010
340 4080
340 4150
340 4540
340 4664
340 4720
340 4730
340 4742
340 4964
340 4971
340 4974
340 4976
340 5014
340 5016
340 5310
350 360
350 400
350 430
350 460
350 620
350 630
350 640
350 650
350 730
350 740
350 750
350 760
350 770
350 900
350 970
350 1100
350 4080
350 4270
350 4540
350 4916
350 4930
350 4970
350 4974
350 4976
350 5012
350 5200
350 5211
350 5320
360 400
360 410
360 430
360 460
360 564
360 620
360 630
360 640
360 650
360 730
360 750
360 760
360 770
360 900
360 970
360 1100
360 2010
360 4916
360 4920
360 4930
360 4974
360 4976
360 4978
360 5012
360 5200
360 5211
380 400
380 410
380 430
380 480
380 562
380 620
380 630
380 640
380 650
380 760
380 900
380 970
380 1100
380 4080
380 4540
380 4974
380 4976
380 4978
380 5143
400 460
400 620
400 730
400 750
400 790
400 970
400 1100
400 2010
400 4916
400 4964
400 4974
400 4978
400 5012
400 5143
410 430
410 460
410 480
410 561
410 562
410 620
410 630
410 640
410 650
410 760
410 770
410 900
410 910
410 970
410 1100
410 2010
410 4080
410 4920
410 4974
410 4976
410 4977
430 450
430 480
430 534
430 562
430 620
430 630
430 640
430 650
430 730
430 750
430 760
430 770
430 900
430 920
430 970
430 1100
430 2010
430 4080
430 4122
430 4930
430 4973
430 4974
430 4976
430 4978
450 970
450 1100
450 2010
450 4122
450 4974
450 4978
460 480
460 600
460 630
460 730
460 760
460 770
460 860
460 910
460 920
460 970
460 1100
460 2010
460 4080
460 4916
460 4964
460 4966
460 4970
460 4971
460 4972
460 4973
460 4974
460 4976
460 4978
460 5012
471 480
471 520
471 524
471 630
471 650
471 750
471 860
471 910
471 970
471 1100
471 2010
471 4080
471 4540
471 4720
471 4730
471 4742
471 4964
471 4974
471 4976
471 4978
471 5014
471 5016
472 480
472 970
472 1100
472 2010
472 4974
472 5014
472 5142
472 5146
480 524
480 562
480 620
480 630
480 640
480 650
480 730
480 760
480 770
480 860
480 900
480 910
480 920
480 970
480 1100
480 2010
480 4080
480 4122
480 4540
480 4720
480 4730
480 4742
480 4964
480 4974
480 4976
480 4977
480 4978
480 5014
480 5016
500 520
500 524
500 561
500 562
500 1100
500 2010
500 4742
500 4910
500 4930
500 4964
500 4973
500 4976
500 4978
510 520
510 563
510 900
510 1100
512 520
512 532
512 1100
520 524
520 561
520 562
520 563
520 1100
520 2010
520 4142
520 4910
520 4930
520 4964
520 4973
520 4976
520 4978
524 562
524 563
524 650
524 740
524 770
524 860
524 910
524 970
524 1100
524 2010
524 4080
524 4540
524 4720
524 4730
524 4742
524 4910
524 4930
524 4964
524 4973
524 4974
524 4976
524 4977
524 4978
524 5014
524 5016
531 1100
531 5144
532 534
532 1100
534 620
534 770
534 920
534 1100
534 4973
534 4974
561 562
561 564
561 620
561 630
561 640
561 760
561 1100
561 2010
561 4070
561 4540
561 4666
561 4730
561 4912
561 4920
561 4930
561 4975
561 4977
561 5200
561 5212
562 563
562 564
562 620
562 630
562 640
562 650
562 730
562 750
562 760
562 900
562 1100
562 4010
562 4012
562 4020
562 4062
562 4070
562 4114
562 4140
562 4144
562 4145
562 4150
562 4270
562 4370
562 4380
562 4510
562 4530
562 4540
562 4650
562 4660
562 4662
562 4664
562 4666
562 4670
562 4720
562 4722
562 4730
562 4742
562 4810
562 4910
562 4912
562 4914
562 4916
562 4960
562 4961
562 4970
562 4971
562 4972
562 4973
562 4976
562 5010
562 5016
562 5142
562 5143
562 5145
562 5146
562 5152
562 5160
562 5162
562 5200
562 5212
562 5213
562 5214
562 5215
562 5218
562 5220
562 5221
562 5222
562 5223
563 564
563 600
563 1040
563 1100
563 4070
563 4140
563 5152
564 565
564 590
564 591
564 592
564 600
564 620
564 760
564 1100
564 2010
564 4070
564 4080
564 4140
564 4540
564 4666
564 4730
564 4810
564 4912
564 4920
564 4970
564 4971
564 4972
564 4975
564 4976
564 4977
564 5140
564 5146
564 5152
564 5200
564 5212
564 5322
565 1100
565 4080
565 5310
590 591
590 592
590 1040
590 1100
590 3320
590 4080
590 4270
590 4370
590 4664
590 4666
590 4730
590 4912
590 4976
590 5140
590 5143
590 5145
590 5146
590 5310
590 5323
591 592
591 1040
591 1100
591 3320
591 4270
591 4664
591 4666
591 4730
591 4912
591 5140
591 5146
592 1040
592 1100
600 601
600 603
600 604
600 920
600 970
600 1040
600 1100
600 2010
600 4020
600 4080
600 4666
600 4722
600 4920
600 4974
600 4978
600 5140
600 5152
601 603
601 604
601 1100
601 5144
603 604
603 1100
604 1100
604 4144
620 630
620 640
620 650
620 730
620 750
620 760
620 770
620 900
620 910
620 920
620 1100
620 4920
620 4930
620 4964
620 4973
620 4974
620 4976
620 4977
620 5200
620 5211
630 640
630 650
630 730
630 750
630 760
630 770
630 790
630 900
630 910
630 1100
630 4930
630 4964
630 4966
630 4970
630 4971
630 4972
630 4973
630 4974
630 4976
630 5200
630 5211
640 650
640 760
640 770
640 900
640 970
640 1100
640 2010
640 4080
640 4920
640 4973
640 4974
640 4976
640 4978
650 730
650 750
650 760
650 770
650 860
650 900
650 910
650 970
650 1100
650 2010
650 4080
650 4540
650 4720
650 4730
650 4742
650 4930
650 4964
650 4973
650 4974
650 4976
650 4977
650 5014
650 5016
650 5200
650 5211
670 790
670 970
670 1100
670 4144
670 4976
670 4977
730 750
730 760
730 770
730 860
730 900
730 910
730 920
730 970
730 1100
730 2010
730 4080
730 4122
730 4916
730 4930
730 4974
730 4977
730 4978
730 5012
740 750
740 790
740 860
740 1100
740 3013
740 4122
740 4145
740 4962
740 4964
740 4966
740 4970
740 4971
740 4972
740 4976
740 4977
740 5014
740 5211
750 760
750 770
750 790
750 900
750 1100
750 4930
750 4964
750 4976
750 4977
760 770
760 900
760 910
760 970
760 1100
760 2010
760 4080
760 4930
760 4973
760 4974
760 4976
760 4977
760 5200
760 5211
770 900
770 910
770 920
770 970
770 1100
770 2010
770 4080
770 4122
770 4930
770 4974
770 4975
770 4977
770 4978
780 970
780 1100
780 2010
780 4974
780 4977
785 1100
790 970
790 1100
790 3013
790 4122
790 4144
790 4976
790 4977
830 1100
830 3320
830 4672
830 4744
830 4920
830 4977
830 5200
830 5222
830 5223
860 910
860 970
860 1100
860 2010
860 4080
860 4540
860 4720
860 4730
860 4742
860 4964
860 4974
860 4976
860 4978
860 5010
860 5014
860 5016
900 1100
900 4930
900 4976
910 970
910 1100
910 2010
910 4080
910 4145
910 4370
910 4540
910 4720
910 4730
910 4742
910 4940
910 4964
910 4966
910 4970
910 4971
910 4972
910 4973
910 4974
910 4976
910 4978
910 5010
910 5014
910 5016
910 5140
910 5142
910 5143
910 5144
910 5146
910 5330
910 5332
920 970
920 1100
920 2010
920 4122
920 4973
920 4974
920 4978
970 1100
970 2010
970 4080
970 4122
970 4540
970 4720
970 4730
970 4742
970 4916
970 4964
970 4974
970 4978
970 5012
970 5014
970 5016
970 5142
970 5143
970 5146
980 1100
982 1100
982 4080
982 4976
983 4976
1040 1100
1040 4270
1040 4664
1040 4666
1040 4730
1040 4912
1040 5140
1040 5146
1100 2010
1100 3013
1100 3320
1100 4010
1100 4012
1100 4020
1100 4062
1100 4070
1100 4080
1100 4114
1100 4122
1100 4140
1100 4142
1100 4144
1100 4145
1100 4150
1100 4260
1100 4270
1100 4340
1100 4370
1100 4380
1100 4510
1100 4540
1100 4650
1100 4660
1100 4662
1100 4664
1100 4666
1100 4670
1100 4672
1100 4720
1100 4722
1100 4730
1100 4742
1100 4744
1100 4810
1100 4910
1100 4912
1100 4914
1100 4916
1100 4920
1100 4930
1100 4960
1100 4961
1100 4962
1100 4964
1100 4966
1100 4970
1100 4971
1100 4972
1100 4973
1100 4974
1100 4975
1100 4976
1100 4977
1100 4978
1100 5010
1100 5012
1100 5014
1100 5016
1100 5020
1100 5140
1100 5142
1100 5143
1100 5144
1100 5146
1100 5152
1100 5200
1100 5211
1100 5212
1100 5214
1100 5215
1100 5217
1100 5222
1100 5223
1100 5310
1100 5320
1100 5322
1100 5323
1100 5332
1100 5410
2010 4010
2010 4020
2010 4080
2010 4122
2010 4260
2010 4540
2010 4720
2010 4730
2010 4740
2010 4742
2010 4744
2010 4810
2010 4910
2010 4930
2010 4960
2010 4961
2010 4964
2010 4966
2010 4970
2010 4971
2010 4972
2010 4973
2010 4974
2010 4976
2010 4977
2010 4978
2010 5010
2010 5012
2010 5014
2010 5016
2010 5142
2010 5146
2010 5152
2010 5332
2010 5410
2010 5412
2010 5414
3013 4122
3320 4080
3320 4672
3320 4920
3320 4976
3320 5200
3320 5222
3320 5223
4010 4012
4010 4020
4010 4062
4010 4070
4010 4114
4010 4141
4010 4260
4010 4270
4010 4310
4010 4360
4010 4370
4010 4380
4010 4540
4010 4650
4010 4660
4010 4662
4010 4664
4010 4666
4010 4670
4010 4710
4010 4720
4010 4722
4010 4730
4010 4740
4010 4742
4010 4744
4010 4810
4010 4910
4010 4912
4010 4914
4010 4916
4010 4920
4010 4930
4010 4960
4010 4961
4010 4962
4010 4970
4010 4971
4010 4972
4010 4973
4010 4974
4010 4975
4010 4976
4010 4978
4010 5010
4010 5014
4010 5016
4010 5020
4010 5140
4010 5142
4010 5143
4010 5145
4010 5146
4010 5152
4010 5160
4010 5200
4010 5214
4010 5223
4010 5332
4010 5410
4010 5412
4010 5414
4012 4020
4012 4062
4012 4070
4012 4114
4012 4141
4012 4144
4012 4150
4012 4260
4012 4270
4012 4310
4012 4360
4012 4370
4012 4380
4012 4510
4012 4530
4012 4540
4012 4650
4012 4660
4012 4662
4012 4664
4012 4666
4012 4670
4012 4710
4012 4720
4012 4722
4012 4730
4012 4740
4012 4742
4012 4744
4012 4810
4012 4910
4012 4912
4012 4914
4012 4916
4012 4920
4012 4930
4012 4960
4012 4961
4012 4970
4012 4971
4012 4972
4012 4973
4012 4974
4012 4975
4012 4978
4012 5010
4012 5014
4012 5016
4012 5140
4012 5142
4012 5143
4012 5145
4012 5146
4012 5152
4012 5160
4012 5162
4012 5200
4012 5212
4012 5213
4012 5214
4012 5215
4012 5218
4012 5220
4012 5221
4012 5222
4012 5223
4012 5410
4012 5412
4012 5414
4020 4062
4020 4070
4020 4080
4020 4114
4020 4141
4020 4142
4020 4144
4020 4260
4020 4270
4020 4310
4020 4360
4020 4370
4020 4380
4020 4540
4020 4650
4020 4660
4020 4662
4020 4664
4020 4666
4020 4670
4020 4710
4020 4720
4020 4722
4020 4730
4020 4740
4020 4742
4020 4744
4020 4910
4020 4912
4020 4914
4020 4916
4020 4920
4020 4930
4020 4960
4020 4961
4020 4962
4020 4964
4020 4970
4020 4971
4020 4972
4020 4973
4020 4974
4020 4975
4020 4976
4020 4977
4020 4978
4020 5010
4020 5012
4020 5014
4020 5016
4020 5020
4020 5140
4020 5142
4020 5143
4020 5145
4020 5146
4020 5152
4020 5160
4020 5200
4020 5214
4020 5223
4020 5410
4020 5412
4020 5414
4062 4070
4062 4114
4062 4141
4062 4144
4062 4150
4062 4260
4062 4270
4062 4310
4062 4360
4062 4370
4062 4380
4062 4510
4062 4530
4062 4540
4062 4650
4062 4660
4062 4662
4062 4664
4062 4666
4062 4670
4062 4710
4062 4720
4062 4722
4062 4730
4062 4740
4062 4742
4062 4744
4062 4810
4062 4910
4062 4912
4062 4914
4062 4916
4062 4920
4062 4930
4062 4960
4062 4961
4062 4962
4062 4970
4062 4971
4062 4972
4062 4973
4062 4974
4062 4975
4062 4976
4062 4978
4062 5010
4062 5014
4062 5016
4062 5020
4062 5140
4062 5142
4062 5143
4062 5145
4062 5146
4062 5152
4062 5160
4062 5162
4062 5200
4062 5212
4062 5213
4062 5214
4062 5215
4062 5218
4062 5220
4062 5221
4062 5222
4062 5223
4062 5410
4062 5412
4062 5414
4070 4114
4070 4140
4070 4141
4070 4144
4070 4145
4070 4150
4070 4260
4070 4270
4070 4310
4070 4360
4070 4370
4070 4380
4070 4510
4070 4530
4070 4540
4070 4650
4070 4660
4070 4662
4070 4664
4070 4666
4070 4670
4070 4710
4070 4720
4070 4722
4070 4730
4070 4740
4070 4742
4070 4744
4070 4810
4070 4910
4070 4912
4070 4914
4070 4916
4070 4920
4070 4930
4070 4960
4070 4961
4070 4970
4070 4971
4070 4972
4070 4973
4070 4974
4070 4975
4070 4978
4070 5010
4070 5014
4070 5016
4070 5140
4070 5142
4070 5143
4070 5145
4070 5146
4070 5152
4070 5160
4070 5162
4070 5200
4070 5212
4070 5213
4070 5214
4070 5215
4070 5218
4070 5220
4070 5221
4070 5222
4070 5223
4070 5410
4070 5412
4070 5414
4080 4142
4080 4144
4080 4270
4080 4370
4080 4540
4080 4610
4080 4614
4080 4664
4080 4666
4080 4720
4080 4730
4080 4742
4080 4810
4080 4930
4080 4960
4080 4961
4080 4964
4080 4970
4080 4971
4080 4972
4080 4974
4080 4976
4080 4978
4080 5012
4080 5014
4080 5016
4080 5140
4080 5142
4080 5143
4080 5145
4080 5146
4080 5152
4080 5200
4080 5215
4080 5310
4080 5320
4080 5323
4080 5410
4080 5414
4114 4141
4114 4260
4114 4270
4114 4310
4114 4360
4114 4370
4114 4380
4114 4540
4114 4650
4114 4660
4114 4662
4114 4664
4114 4666
4114 4670
4114 4710
4114 4720
4114 4722
4114 4730
4114 4740
4114 4742
4114 4744
4114 4910
4114 4912
4114 4914
4114 4916
4114 4930
4114 4960
4114 4961
4114 4962
4114 4970
4114 4971
4114 4972
4114 4973
4114 4974
4114 4976
4114 4978
4114 5010
4114 5014
4114 5016
4114 5020
4114 5140
4114 5142
4114 5143
4114 5145
4114 5146
4114 5152
4114 5160
4114 5200
4114 5214
4114 5215
4114 5223
4114 5410
4114 5412
4114 5414
4122 4974
4122 4977
4122 4978
4140 4144
4140 4145
4140 4150
4140 5152
4141 4260
4141 4270
4141 4310
4141 4360
4141 4370
4141 4380
4141 4540
4141 4650
4141 4660
4141 4662
4141 4664
4141 4666
4141 4670
4141 4710
4141 4720
4141 4722
4141 4730
4141 4740
4141 4742
4141 4744
4141 4912
4141 4916
4141 4930
4141 4961
4141 4970
4141 4971
4141 4972
4141 4973
4141 4974
4141 4978
4141 5010
4141 5014
4141 5016
4141 5140
4141 5142
4141 5143
4141 5145
4141 5146
4141 5152
4141 5160
4141 5200
4141 5214
4141 5223
4141 5410
4141 5412
4141 5414
4142 4144
4142 4930
4142 5012
4142 5410
4144 4145
4144 4150
4144 4370
4144 4510
4144 4530
4144 4650
4144 4660
4144 4662
4144 4664
4144 4666
4144 4670
4144 4722
4144 4810
4144 4910
4144 4914
4144 4930
4144 4960
4144 4973
4144 4976
4144 4977
4144 5012
4144 5142
4144 5145
4144 5152
4144 5160
4144 5162
4144 5200
4144 5212
4144 5213
4144 5214
4144 5215
4144 5218
4144 5220
4144 5221
4144 5222
4144 5223
4144 5410
4145 4370
4145 4380
4145 4540
4145 4670
4145 4730
4145 4940
4145 4970
4145 5010
4145 5012
4145 5014
4145 5020
4145 5140
4145 5142
4145 5143
4145 5144
4145 5146
4145 5152
4145 5160
4145 5211
4145 5322
4145 5330
4145 5332
4150 4370
4150 4510
4150 4530
4150 4650
4150 4660
4150 4662
4150 4664
4150 4666
4150 4722
4150 4810
4150 4910
4150 4914
4150 4960
4150 4973
4150 5012
4150 5142
4150 5145
4150 5160
4150 5162
4150 5200
4150 5212
4150 5213
4150 5214
4150 5215
4150 5218
4150 5220
4150 5221
4150 5222
4150 5223
4260 4270
4260 4310
4260 4360
4260 4370
4260 4380
4260 4540
4260 4650
4260 4660
4260 4662
4260 4664
4260 4666
4260 4670
4260 4710
4260 4720
4260 4722
4260 4730
4260 4740
4260 4742
4260 4744
4260 4912
4260 4916
4260 4930
4260 4960
4260 4961
4260 4964
4260 4966
4260 4970
4260 4971
4260 4972
4260 4973
4260 4974
4260 4976
4260 4977
4260 4978
4260 5010
4260 5014
4260 5016
4260 5140
4260 5142
4260 5143
4260 5145
4260 5146
4260 5152
4260 5160
4260 5200
4260 5214
4260 5223
4260 5323
4260 5410
4260 5412
4260 5414
4270 4310
4270 4360
4270 4370
4270 4380
4270 4540
4270 4614
4270 4650
4270 4660
4270 4662
4270 4664
4270 4666
4270 4670
4270 4710
4270 4720
4270 4722
4270 4730
4270 4740
4270 4742
4270 4744
4270 4910
4270 4912
4270 4914
4270 4916
4270 4920
4270 4930
4270 4960
4270 4961
4270 4962
4270 4964
4270 4966
4270 4970
4270 4971
4270 4972
4270 4973
4270 4974
4270 4975
4270 4976
4270 4978
4270 5010
4270 5014
4270 5016
4270 5020
4270 5140
4270 5142
4270 5143
4270 5145
4270 5146
4270 5152
4270 5160
4270 5200
4270 5214
4270 5223
4270 5410
4270 5412
4270 5414
4310 4360
4310 4370
4310 4380
4310 4540
4310 4650
4310 4660
4310 4662
4310 4664
4310 4666
4310 4670
4310 4710
4310 4720
4310 4722
4310 4730
4310 4740
4310 4742
4310 4744
4310 4912
4310 4916
4310 4930
4310 4961
4310 4970
4310 4971
4310 4972
4310 4973
4310 4974
4310 4978
4310 5010
4310 5014
4310 5016
4310 5140
4310 5142
4310 5143
4310 5145
4310 5146
4310 5152
4310 5160
4310 5200
4310 5214
4310 5223
4310 5410
4310 5412
4310 5414
4340 4975
4340 4976
4340 4977
4340 5200
4340 5217
4360 4370
4360 4380
4360 4540
4360 4650
4360 4660
4360 4662
4360 4664
4360 4666
4360 4670
4360 4710
4360 4720
4360 4722
4360 4730
4360 4740
4360 4742
4360 4744
4360 4912
4360 4916
4360 4930
4360 4961
4360 4970
4360 4971
4360 4972
4360 4973
4360 4974
4360 4978
4360 5010
4360 5014
4360 5016
4360 5140
4360 5142
4360 5143
4360 5145
4360 5146
4360 5152
4360 5160
4360 5200
4360 5214
4360 5223
4360 5410
4360 5412
4360 5414
4370 4380
4370 4510
4370 4530
4370 4540
4370 4650
4370 4660
4370 4662
4370 4664
4370 4666
4370 4670
4370 4710
4370 4720
4370 4722
4370 4730
4370 4740
4370 4742
4370 4744
4370 4810
4370 4910
4370 4912
4370 4914
4370 4916
4370 4920
4370 4930
4370 4940
4370 4960
4370 4961
4370 4970
4370 4971
4370 4972
4370 4973
4370 4974
4370 4975
4370 4978
4370 5010
4370 5014
4370 5016
4370 5140
4370 5142
4370 5143
4370 5144
4370 5145
4370 5146
4370 5152
4370 5160
4370 5162
4370 5200
4370 5212
4370 5213
4370 5214
4370 5215
4370 5218
4370 5220
4370 5221
4370 5222
4370 5223
4370 5330
4370 5332
4370 5410
4370 5412
4370 5414
4380 4540
4380 4650
4380 4660
4380 4662
4380 4664
4380 4666
4380 4670
4380 4710
4380 4720
4380 4722
4380 4730
4380 4740
4380 4742
4380 4744
4380 4912
4380 4916
4380 4930
4380 4940
4380 4961
4380 4970
4380 4971
4380 4972
4380 4973
4380 4974
4380 4978
4380 5010
4380 5012
4380 5014
4380 5016
4380 5020
4380 5140
4380 5142
4380 5143
4380 5145
4380 5146
4380 5152
4380 5160
4380 5200
4380 5214
4380 5223
4380 5322
4380 5410
4380 5412
4380 5414
4510 4530
4510 4650
4510 4660
4510 4662
4510 4664
4510 4666
4510 4670
4510 4722
4510 4810
4510 4910
4510 4914
4510 4960
4510 4973
4510 5142
4510 5145
4510 5160
4510 5162
4510 5200
4510 5212
4510 5213
4510 5214
4510 5215
4510 5218
4510 5220
4510 5221
4510 5222
4510 5223
4530 4650
4530 4660
4530 4662
4530 4664
4530 4666
4530 4722
4530 4810
4530 4910
4530 4914
4530 4960
4530 4973
4530 5142
4530 5145
4530 5160
4530 5162
4530 5200
4530 5212
4530 5213
4530 5214
4530 5215
4530 5218
4530 5220
4530 5221
4530 5222
4530 5223
4540 4650
4540 4660
4540 4662
4540 4664
4540 4666
4540 4670
4540 4710
4540 4720
4540 4722
4540 4730
4540 4740
4540 4742
4540 4744
4540 4910
4540 4912
4540 4914
4540 4916
4540 4920
4540 4930
4540 4940
4540 4960
4540 4961
4540 4962
4540 4964
4540 4970
4540 4971
4540 4972
4540 4973
4540 4974
4540 4975
4540 4976
4540 4977
4540 4978
4540 5010
4540 5012
4540 5014
4540 5016
4540 5020
4540 5140
4540 5142
4540 5143
4540 5144
4540 5145
4540 5146
4540 5152
4540 5160
4540 5200
4540 5214
4540 5223
4540 5330
4540 5332
4540 5410
4540 5412
4540 5414
4610 4810
4610 5142
4610 5143
4614 5410
4614 5414
4621 5150
4650 4660
4650 4662
4650 4664
4650 4666
4650 4670
4650 4710
4650 4720
4650 4722
4650 4730
4650 4740
4650 4742
4650 4744
4650 4810
4650 4910
4650 4912
4650 4914
4650 4916
4650 4920
4650 4930
4650 4960
4650 4961
4650 4970
4650 4971
4650 4972
4650 4973
4650 4974
4650 4975
4650 4978
4650 5010
4650 5014
4650 5016
4650 5140
4650 5142
4650 5143
4650 5145
4650 5146
4650 5152
4650 5160
4650 5162
4650 5200
4650 5212
4650 5213
4650 5214
4650 5215
4650 5218
4650 5220
4650 5221
4650 5222
4650 5223
4650 5410
4650 5412
4650 5414
4660 4662
4660 4664
4660 4666
4660 4670
4660 4710
4660 4720
4660 4722
4660 4730
4660 4740
4660 4742
4660 4744
4660 4810
4660 4910
4660 4912
4660 4914
4660 4916
4660 4920
4660 4930
4660 4960
4660 4961
4660 4970
4660 4971
4660 4972
4660 4973
4660 4974
4660 4975
4660 4978
4660 5010
4660 5014
4660 5016
4660 5140
4660 5142
4660 5143
4660 5145
4660 5146
4660 5152
4660 5160
4660 5162
4660 5200
4660 5212
4660 5213
4660 5214
4660 5215
4660 5218
4660 5220
4660 5221
4660 5222
4660 5223
4660 5410
4660 5412
4660 5414
4662 4664
4662 4666
4662 4670
4662 4710
4662 4720
4662 4722
4662 4730
4662 4740
4662 4742
4662 4744
4662 4810
4662 4910
4662 4912
4662 4914
4662 4916
4662 4920
4662 4930
4662 4960
4662 4961
4662 4970
4662 4971
4662 4972
4662 4973
4662 4974
4662 4975
4662 4978
4662 5010
4662 5014
4662 5016
4662 5140
4662 5142
4662 5143
4662 5145
4662 5146
4662 5152
4662 5160
4662 5162
4662 5200
4662 5212
4662 5213
4662 5214
4662 5215
4662 5218
4662 5220
4662 5221
4662 5222
4662 5223
4662 5410
4662 5412
4662 5414
4664 4666
4664 4670
4664 4710
4664 4720
4664 4722
4664 4730
4664 4740
4664 4742
4664 4744
4664 4810
4664 4910
4664 4912
4664 4914
4664 4916
4664 4920
4664 4930
4664 4960
4664 4961
4664 4970
4664 4971
4664 4972
4664 4973
4664 4974
4664 4975
4664 4976
4664 4978
4664 5010
4664 5014
4664 5016
4664 5140
4664 5142
4664 5143
4664 5145
4664 5146
4664 5152
4664 5160
4664 5162
4664 5200
4664 5212
4664 5213
4664 5214
4664 5215
4664 5218
4664 5220
4664 5221
4664 5222
4664 5223
4664 5310
4664 5410
4664 5412
4664 5414
4666 4670
4666 4710
4666 4720
4666 4722
4666 4730
4666 4740
4666 4742
4666 4744
4666 4810
4666 4910
4666 4912
4666 4914
4666 4916
4666 4920
4666 4930
4666 4960
4666 4961
4666 4970
4666 4971
4666 4972
4666 4973
4666 4974
4666 4975
4666 4978
4666 5010
4666 5014
4666 5016
4666 5140
4666 5142
4666 5143
4666 5145
4666 5146
4666 5152
4666 5160
4666 5162
4666 5200
4666 5212
4666 5213
4666 5214
4666 5215
4666 5218
4666 5220
4666 5221
4666 5222
4666 5223
4666 5410
4666 5412
4666 5414
4670 4710
4670 4720
4670 4722
4670 4730
4670 4740
4670 4742
4670 4744
4670 4810
4670 4910
4670 4912
4670 4914
4670 4916
4670 4930
4670 4940
4670 4960
4670 4961
4670 4962
4670 4970
4670 4971
4670 4972
4670 4973
4670 4974
4670 4976
4670 4978
4670 5010
4670 5012
4670 5014
4670 5016
4670 5020
4670 5140
4670 5142
4670 5143
4670 5145
4670 5146
4670 5152
4670 5160
4670 5200
4670 5214
4670 5223
4670 5322
4670 5410
4670 5412
4670 5414
4672 4920
4672 5200
4672 5222
4672 5223
4710 4720
4710 4722
4710 4730
4710 4740
4710 4742
4710 4744
4710 4910
4710 4912
4710 4914
4710 4916
4710 4930
4710 4960
4710 4961
4710 4962
4710 4970
4710 4971
4710 4972
4710 4973
4710 4974
4710 4976
4710 4978
4710 5010
4710 5014
4710 5016
4710 5020
4710 5140
4710 5142
4710 5143
4710 5145
4710 5146
4710 5152
4710 5160
4710 5200
4710 5214
4710 5223
4710 5410
4710 5412
4710 5414
4720 4722
4720 4730
4720 4740
4720 4742
4720 4744
4720 4910
4720 4912
4720 4914
4720 4916
4720 4920
4720 4930
4720 4960
4720 4961
4720 4962
4720 4964
4720 4970
4720 4971
4720 4972
4720 4973
4720 4974
4720 4975
4720 4976
4720 4977
4720 4978
4720 5010
4720 5014
4720 5016
4720 5020
4720 5140
4720 5142
4720 5143
4720 5145
4720 5146
4720 5152
4720 5160
4720 5200
4720 5214
4720 5223
4720 5410
4720 5412
4720 5414
4722 4730
4722 4740
4722 4742
4722 4744
4722 4810
4722 4910
4722 4912
4722 4914
4722 4916
4722 4920
4722 4930
4722 4960
4722 4961
4722 4970
4722 4971
4722 4972
4722 4973
4722 4974
4722 4975
4722 4978
4722 5010
4722 5014
4722 5016
4722 5140
4722 5142
4722 5143
4722 5145
4722 5146
4722 5152
4722 5160
4722 5162
4722 5200
4722 5212
4722 5213
4722 5214
4722 5215
4722 5218
4722 5220
4722 5221
4722 5222
4722 5223
4722 5410
4722 5412
4722 5414
4730 4740
4730 4742
4730 4744
4730 4912
4730 4916
4730 4920
4730 4930
4730 4940
4730 4960
4730 4961
4730 4964
4730 4970
4730 4971
4730 4972
4730 4973
4730 4974
4730 4975
4730 4976
4730 4977
4730 4978
4730 5010
4730 5014
4730 5016
4730 5140
4730 5142
4730 5143
4730 5144
4730 5145
4730 5146
4730 5152
4730 5160
4730 5200
4730 5214
4730 5223
4730 5330
4730 5332
4730 5410
4730 5412
4730 5414
4740 4742
4740 4744
4740 4910
4740 4912
4740 4914
4740 4916
4740 4930
4740 4960
4740 4961
4740 4962
4740 4964
4740 4966
4740 4970
4740 4971
4740 4972
4740 4973
4740 4974
4740 4976
4740 4977
4740 4978
4740 5010
4740 5014
4740 5016
4740 5020
4740 5140
4740 5142
4740 5143
4740 5145
4740 5146
4740 5152
4740 5160
4740 5200
4740 5214
4740 5223
4740 5410
4740 5412
4740 5414
4742 4744
4742 4910
4742 4912
4742 4914
4742 4916
4742 4930
4742 4960
4742 4961
4742 4962
4742 4964
4742 4966
4742 4970
4742 4971
4742 4972
4742 4973
4742 4974
4742 4976
4742 4977
4742 4978
4742 5010
4742 5014
4742 5016
4742 5020
4742 5140
4742 5142
4742 5143
4742 5145
4742 5146
4742 5152
4742 5160
4742 5200
4742 5214
4742 5223
4742 5323
4742 5410
4742 5412
4742 5414
4744 4912
4744 4916
4744 4930
4744 4960
4744 4961
4744 4964
4744 4966
4744 4970
4744 4971
4744 4972
4744 4973
4744 4974
4744 4976
4744 4977
4744 4978
4744 5010
4744 5014
4744 5016
4744 5140
4744 5142
4744 5143
4744 5145
4744 5146
4744 5152
4744 5160
4744 5200
4744 5214
4744 5223
4744 5410
4744 5412
4744 5414
4810 4910
4810 4914
4810 4960
4810 4970
4810 4971
4810 4972
4810 4973
4810 4976
4810 5142
4810 5143
4810 5145
4810 5152
4810 5160
4810 5162
4810 5200
4810 5212
4810 5213
4810 5214
4810 5215
4810 5218
4810 5220
4810 5221
4810 5222
4810 5223
4810 5332
4910 4912
4910 4914
4910 4916
4910 4930
4910 4960
4910 4961
4910 4962
4910 4970
4910 4971
4910 4972
4910 4973
4910 4976
4910 4978
4910 5020
4910 5142
4910 5145
4910 5146
4910 5160
4910 5162
4910 5200
4910 5212
4910 5213
4910 5214
4910 5215
4910 5218
4910 5220
4910 5221
4910 5222
4910 5223
4910 5414
4912 4914
4912 4916
4912 4920
4912 4930
4912 4960
4912 4961
4912 4962
4912 4970
4912 4971
4912 4972
4912 4973
4912 4974
4912 4975
4912 4976
4912 4978
4912 5010
4912 5014
4912 5016
4912 5020
4912 5140
4912 5142
4912 5143
4912 5145
4912 5146
4912 5152
4912 5160
4912 5200
4912 5212
4912 5214
4912 5223
4912 5410
4912 5412
4912 5414
4914 4916
4914 4960
4914 4961
4914 4962
4914 4970
4914 4971
4914 4972
4914 4973
4914 4976
4914 5020
4914 5142
4914 5145
4914 5146
4914 5160
4914 5162
4914 5200
4914 5212
4914 5213
4914 5214
4914 5215
4914 5218
4914 5220
4914 5221
4914 5222
4914 5223
4914 5414
4916 4920
4916 4930
4916 4960
4916 4961
4916 4962
4916 4970
4916 4971
4916 4972
4916 4973
4916 4974
4916 4975
4916 4976
4916 4978
4916 5010
4916 5012
4916 5014
4916 5016
4916 5020
4916 5140
4916 5142
4916 5143
4916 5145
4916 5146
4916 5152
4916 5160
4916 5200
4916 5214
4916 5223
4916 5410
4916 5412
4916 5414
4920 4930
4920 4961
4920 4970
4920 4971
4920 4972
4920 4973
4920 4975
4920 4977
4920 5140
4920 5143
4920 5146
4920 5200
4920 5214
4920 5222
4920 5223
4930 4960
4930 4961
4930 4964
4930 4966
4930 4970
4930 4971
4930 4972
4930 4973
4930 4974
4930 4975
4930 4976
4930 4977
4930 4978
4930 5010
4930 5012
4930 5014
4930 5016
4930 5140
4930 5142
4930 5143
4930 5145
4930 5146
4930 5152
4930 5160
4930 5200
4930 5214
4930 5223
4930 5410
4930 5412
4930 5414
4940 4970
4940 5010
4940 5012
4940 5014
4940 5020
4940 5140
4940 5142
4940 5143
4940 5144
4940 5146
4940 5160
4940 5322
4940 5330
4940 5332
4960 4961
4960 4962
4960 4964
4960 4966
4960 4970
4960 4971
4960 4972
4960 4973
4960 4974
4960 4976
4960 4977
4960 4978
4960 5020
4960 5142
4960 5145
4960 5146
4960 5160
4960 5162
4960 5200
4960 5212
4960 5213
4960 5214
4960 5215
4960 5218
4960 5220
4960 5221
4960 5222
4960 5223
4960 5410
4960 5412
4960 5414
4961 4962
4961 4964
4961 4966
4961 4970
4961 4971
4961 4972
4961 4973
4961 4974
4961 4975
4961 4976
4961 4977
4961 4978
4961 5010
4961 5014
4961 5016
4961 5020
4961 5140
4961 5142
4961 5143
4961 5145
4961 5146
4961 5152
4961 5160
4961 5200
4961 5214
4961 5215
4961 5223
4961 5323
4961 5410
4961 5412
4961 5414
4962 4964
4962 4966
4962 4970
4962 4971
4962 4972
4962 4976
4962 5014
4962 5020
4962 5142
4962 5146
4962 5414
4964 4966
4964 4970
4964 4971
4964 4972
4964 4973
4964 4974
4964 4976
4964 4977
4964 4978
4964 5014
4964 5016
4964 5200
4964 5211
4964 5323
4964 5410
4964 5412
4964 5414
4966 4970
4966 4971
4966 4972
4966 4973
4966 4974
4966 4976
4966 4977
4966 4978
4966 5014
4966 5323
4970 4971
4970 4972
4970 4973
4970 4974
4970 4975
4970 4976
4970 4977
4970 4978
4970 5010
4970 5014
4970 5016
4970 5020
4970 5140
4970 5142
4970 5143
4970 5144
4970 5145
4970 5146
4970 5152
4970 5160
4970 5200
4970 5214
4970 5223
4970 5323
4970 5330
4970 5332
4970 5410
4970 5412
4970 5414
4971 4972
4971 4973
4971 4974
4971 4975
4971 4976
4971 4977
4971 4978
4971 5010
4971 5014
4971 5016
4971 5020
4971 5140
4971 5142
4971 5143
4971 5145
4971 5146
4971 5152
4971 5160
4971 5200
4971 5214
4971 5223
4971 5310
4971 5323
4971 5410
4971 5412
4971 5414
4972 4973
4972 4974
4972 4975
4972 4976
4972 4977
4972 4978
4972 5010
4972 5014
4972 5016
4972 5020
4972 5140
4972 5142
4972 5143
4972 5145
4972 5146
4972 5152
4972 5160
4972 5200
4972 5214
4972 5223
4972 5323
4972 5410
4972 5412
4972 5414
4973 4974
4973 4975
4973 4976
4973 4977
4973 4978
4973 5010
4973 5014
4973 5016
4973 5140
4973 5142
4973 5143
4973 5145
4973 5146
4973 5152
4973 5160
4973 5162
4973 5200
4973 5212
4973 5213
4973 5214
4973 5215
4973 5218
4973 5220
4973 5221
4973 5222
4973 5223
4973 5410
4973 5412
4973 5414
4974 4976
4974 4977
4974 4978
4974 5010
4974 5012
4974 5014
4974 5016
4974 5140
4974 5142
4974 5143
4974 5145
4974 5146
4974 5152
4974 5160
4974 5200
4974 5214
4974 5223
4974 5310
4974 5323
4974 5410
4974 5412
4974 5414
4975 4976
4975 4977
4975 5143
4975 5146
4975 5200
4975 5212
4975 5214
4975 5217
4975 5223
4976 4977
4976 4978
4976 5012
4976 5014
4976 5020
4976 5140
4976 5142
4976 5143
4976 5146
4976 5200
4976 5215
4976 5217
4976 5310
4976 5320
4976 5323
4976 5410
4976 5412
4976 5414
4977 4978
4977 5200
4977 5217
4977 5323
4977 5410
4977 5412
4977 5414
4978 5010
4978 5012
4978 5014
4978 5016
4978 5140
4978 5142
4978 5143
4978 5145
4978 5146
4978 5152
4978 5160
4978 5200
4978 5214
4978 5223
4978 5323
4978 5410
4978 5412
4978 5414
5010 5012
5010 5014
5010 5016
5010 5020
5010 5140
5010 5142
5010 5143
5010 5144
5010 5145
5010 5146
5010 5152
5010 5160
5010 5200
5010 5214
5010 5223
5010 5322
5010 5330
5010 5332
5010 5410
5010 5412
5010 5414
5012 5014
5012 5020
5012 5146
5012 5160
5012 5322
5012 5410
5014 5016
5014 5020
5014 5140
5014 5142
5014 5143
5014 5144
5014 5145
5014 5146
5014 5152
5014 5160
5014 5200
5014 5214
5014 5223
5014 5322
5014 5330
5014 5332
5014 5410
5014 5412
5014 5414
5016 5140
5016 5142
5016 5143
5016 5145
5016 5146
5016 5152
5016 5160
5016 5200
5016 5214
5016 5223
5016 5410
5016 5412
5016 5414
5020 5142
5020 5146
5020 5160
5020 5322
5020 5414
5140 5142
5140 5143
5140 5144
5140 5145
5140 5146
5140 5152
5140 5160
5140 5200
5140 5214
5140 5223
5140 5322
5140 5323
5140 5330
5140 5332
5140 5410
5140 5412
5140 5414
5142 5143
5142 5144
5142 5145
5142 5146
5142 5152
5142 5160
5142 5162
5142 5200
5142 5212
5142 5213
5142 5214
5142 5215
5142 5218
5142 5220
5142 5221
5142 5222
5142 5223
5142 5330
5142 5332
5142 5410
5142 5412
5142 5414
5143 5144
5143 5145
5143 5146
5143 5152
5143 5160
5143 5200
5143 5214
5143 5223
5143 5310
5143 5323
5143 5330
5143 5332
5143 5410
5143 5412
5143 5414
5144 5146
5144 5330
5144 5332
5145 5146
5145 5152
5145 5160
5145 5162
5145 5200
5145 5212
5145 5213
5145 5214
5145 5215
5145 5218
5145 5220
5145 5221
5145 5222
5145 5223
5145 5410
5145 5412
5145 5414
5146 5152
5146 5160
5146 5200
5146 5214
5146 5223
5146 5322
5146 5323
5146 5330
5146 5332
5146 5410
5146 5412
5146 5414
5152 5160
5152 5200
5152 5214
5152 5223
5152 5332
5152 5410
5152 5412
5152 5414
5160 5162
5160 5200
5160 5212
5160 5213
5160 5214
5160 5215
5160 5218
5160 5220
5160 5221
5160 5222
5160 5223
5160 5322
5160 5410
5160 5412
5160 5414
5162 5200
5162 5212
5162 5213
5162 5214
5162 5215
5162 5218
5162 5220
5162 5221
5162 5222
5162 5223
5200 5211
5200 5212
5200 5213
5200 5214
5200 5215
5200 5217
5200 5218
5200 5220
5200 5221
5200 5222
5200 5223
5200 5410
5200 5412
5200 5414
5212 5213
5212 5214
5212 5215
5212 5218
5212 5220
5212 5221
5212 5222
5212 5223
5213 5214
5213 5215
5213 5218
5213 5220
5213 5221
5213 5222
5213 5223
5214 5215
5214 5218
5214 5220
5214 5221
5214 5222
5214 5223
5214 5410
5214 5412
5214 5414
5215 5218
5215 5220
5215 5221
5215 5222
5215 5223
5218 5220
5218 5221
5218 5222
5218 5223
5220 5221
5220 5222
5220 5223
5221 5222
5221 5223
5222 5223
5223 5410
5223 5412
5223 5414
5330 5332
5410 5412
5410 5414
5412 5414
