[herbertkb@compile FinalProject]$ gfortran powerset.f90 -o powerset.exe 
[herbertkb@compile FinalProject]$ ./powerset.exe 
 Reading Alphabetical_ICD.dat and getting code indices
          33  codes in Alphabetical_ICD.dat
 Calculating ICD10 code subsets and writing to all_possible_subsets.dat
 Finished.
[herbertkb@compile FinalProject]$ head all_possible_subsets.dat 
              1 1 -999   2   3   4   5   6   7   8   9  10  11  12  13  14  15  
16  17  18  19  20  21  22  23  24  25  26  27  28  29  30  31  32  33
              2 2 -999   1   3   4   5   6   7   8   9  10  11  12  13  14  15  
16  17  18  19  20  21  22  23  24  25  26  27  28  29  30  31  32  33
              3 1 2 -999   3   4   5   6   7   8   9  10  11  12  13  14  15  16 
 17  18  19  20  21  22  23  24  25  26  27  28  29  30  31  32  33
              4 3 -999   1   2   4   5   6   7   8   9  10  11  12  13  14  15  
16  17  18  19  20  21  22  23  24  25  26  27  28  29  30  31  32  33
              5 1 3 -999   2   4   5   6   7   8   9  10  11  12  13  14  15  16 
 17  18  19  20  21  22  23  24  25  26  27  28  29  30  31  32  33
              6 2 3 -999   1   4   5   6   7   8   9  10  11  12  13  14  15  16 
 17  18  19  20  21  22  23  24  25  26  27  28  29  30  31  32  33
              7 1 2 3 -999   4   5   6   7   8   9  10  11  12  13  14  15  16  
17  18  19  20  21  22  23  24  25  26  27  28  29  30  31  32  33
              8 4 -999   1   2   3   5   6   7   8   9  10  11  12  13  14  15  
16  17  18  19  20  21  22  23  24  25  26  27  28  29  30  31  32  33
              9 1 4 -999   2   3   5   6   7   8   9  10  11  12  13  14  15  16 
 17  18  19  20  21  22  23  24  25  26  27  28  29  30  31  32  33
             10 2 4 -999   1   3   5   6   7   8   9  10  11  12  13  14  15  16 
 17  18  19  20  21  22  23  24  25  26  27  28  29  30  31  32  33
[herbertkb@compile FinalProject]$ tail all_possible_subsets.dat 
             91 1 2 4 5 7 -999   3   6   8   9  10  11  12  13  14  15  16  17  
18  19  20  21  22  23  24  25  26  27  28  29  30  31  32  33
             92 3 4 5 7 -999   1   2   6   8   9  10  11  12  13  14  15  16  17 
 18  19  20  21  22  23  24  25  26  27  28  29  30  31  32  33
             93 1 3 4 5 7 -999   2   6   8   9  10  11  12  13  14  15  16  17  
18  19  20  21  22  23  24  25  26  27  28  29  30  31  32  33
             94 2 3 4 5 7 -999   1   6   8   9  10  11  12  13  14  15  16  17  
18  19  20  21  22  23  24  25  26  27  28  29  30  31  32  33
             95 1 2 3 4 5 7 -999   6   8   9  10  11  12  13  14  15  16  17  18 
 19  20  21  22  23  24  25  26  27  28  29  30  31  32  33
             96 6 7 -999   1   2   3   4   5   8   9  10  11  12  13  14  15  16 
 17  18  19  20  21  22  23  24  25  26  27  28  29  30  31  32  33
             97 1 6 7 -999   2   3   4   5   8   9  10  11  12  13  14  15  16  
17  18  19  20  21  22  23  24  25  26  27  28  29  30  31  32  33
             98 2 6 7 -999   1   3   4   5   8   9  10  11  12  13  14  15  16  
17  18  19  20  21  22  23  24  25  26  27  28  29  30  31  32  33
             99 1 2 6 7 -999   3   4   5   8   9  10  11  12  13  14  15  16  17 
 18  19  20  21  22  23  24  25  26  27  28  29  30  31  32  33
            100 3 6 7 -999   1   2   4   5   8   9  10  11  12  13  14  15  16  
17  18  19  20  21  22  23  24  25  26  27  28  29  30  31  32  33
[herbertkb@compile FinalProject]$ 
